    0       0.00000000000000000       0.00000000000000000
    1       1.98918247222900391       0.00000000000000000
    2       2.69261074066162109       0.00000000000000000
    3       3.54616451263427734       0.00000000000000000
    4       4.57676124572753906       0.00000000000000000
    5       5.81494045257568359       0.00000000000000000
    6       7.29508113861083984       0.00000000000000000
    7       9.05558681488037109       0.00000000000000000
    8      11.13899898529052734       0.00000000000000000
    9      13.59204196929931641       0.00000000000000000
   10      16.46557617187500000       0.00000000000000000
   11      19.81443786621093750       0.00000000000000000
   12      23.69715881347656250       0.00000000000000000
   13      28.17553710937500000       0.00000000000000000
   14      33.31410217285156250       0.00000000000000000
   15      39.17933654785156250       0.00000000000000000
   16      45.83877563476562500       0.00000000000000000
   17      53.36004638671875000       0.00000000000000000
   18      61.84652709960937500       0.00000000000000000
   19      71.41293334960937500       0.00000000000000000
   20      82.18634033203125000       0.00000000000000000
   21      94.30740356445312500       0.00000000000000000
   22     107.93159484863281250       0.00000000000000000
   23     123.23060607910156250       0.00000000000000000
   24     140.39379882812500000       0.00000000000000000
   25     159.62977600097656250       0.00000000000000000
   26     181.16809082031250000       0.00000000000000000
   27     205.26101684570312500       0.00000000000000000
   28     232.18553161621093750       0.00000000000000000
   29     262.24536132812500000       0.00000000000000000
   30     295.77294921875000000       0.00000000000000000
   31     333.13256835937500000       0.00000000000000000
   32     374.72143554687500000       0.00000000000000000
   33     420.97338867187500000       0.00000000000000000
   34     472.36132812500000000       0.00000000000000000
   35     529.40039062500000000       0.00000000000000000
   36     592.64990234375000000       0.00000000000000000
   37     662.71801757812500000       0.00000000000000000
   38     740.26416015625000000       0.00000000000000000
   39     826.00268554687500000       0.00000000000000000
   40     920.70605468750000000       0.00000000000000000
   41    1025.20947265625000000       0.00000000000000000
   42    1140.41430664062500000       0.00000000000000000
   43    1267.29199218750000000       0.00000000000000000
   44    1406.88818359375000000       0.00000000000000000
   45    1560.32666015625000000       0.00000000000000000
   46    1728.81445312500000000       0.00000000000000000
   47    1913.64550781250000000       0.00000000000000000
   48    2116.40527343750000000       0.00000000000000000
   49    2338.83251953125000000       0.00000000000000000
   50    2582.83544921875000000       0.00000000000000000
   51    2850.50659179687500000       0.00000000000000000
   52    3144.14184570312500000       0.00000000000000000
   53    3466.25976562500000000       0.00000000000000000
   54    3819.62304687500000000       0.00000000000000000
   55    4207.26171875000000000       0.00000000000000000
   56    4632.50390625000000000       0.00000000000000000
   57    5098.99218750000000000       0.00000000000000000
   58    5610.73046875000000000       0.00000000000000000
   59    6172.44531250000000000       0.00000000000000000
   60    6789.26171875000000000       0.00000000000000000
   61    7464.85546875000000000       0.00000000000000000
   62    8205.07421875000000000       0.00000000000000000
   63    9013.73437500000000000       0.00004644048749469
   64    9876.25000000000000000       0.00034243892878294
   65   10779.67968750000000000       0.00110446941107512
   66   11698.04296875000000000       0.00262146862223744
   67   12606.03906250000000000       0.00530741736292839
   68   13479.76171875000000000       0.00948636233806610
   69   14289.19140625000000000       0.01555586606264114
   70   15005.62109375000000000       0.02390019595623016
   71   15604.63671875000000000       0.03493614122271538
   72   16062.08593750000000000       0.04900494962930679
   73   16355.96484375000000000       0.06649875640869141
   74   16464.95703125000000000       0.08780068159103394
   75   16370.24609375000000000       0.11324220895767212
   76   16058.29296875000000000       0.14307528734207153
   77   15520.17968750000000000       0.17757314443588257
   78   14753.79296875000000000       0.21690040826797485
   79   13765.30859375000000000       0.26105165481567383
   80   12573.00000000000000000       0.30987769365310669
   81   11218.07421875000000000       0.36276280879974365
   82    9756.42187500000000000       0.41877347230911255
   83    8253.21093750000000000       0.47670000791549683
   84    6761.33984375000000000       0.53589999675750732
   85    5345.91406250000000000       0.59509998559951782
   86    4050.71801757812500000       0.65359997749328613
   87    2911.56909179687500000       0.71060001850128174
   88    1954.80493164062500000       0.76539999246597290
   89    1195.88989257812500000       0.81720000505447388
   90     638.14892578125000000       0.86500000953674316
   91     271.62646484375000000       0.90770000219345093
   92      72.06359863281250000       0.94419997930526733
   93       0.00000000000000000       0.97299998998641968
   94       0.00000000000000000       0.99229997396469116
   95       0.00000000000000000       1.00000000000000000
